[/usr/share/plasma/desktoptheme/default/dialogs/background.svgz]
1117282393339245482=40,30,4,4
12381581713699382413=20,54,4,1.000000082740371e-08
12855099808595726093=38,16,6,32
13170509284050908764=101,33,10,2
13389022378646763533=76,54,2,10
15049181690627308245=119,10,31.999989999999997,6.000021
15751388614942017355=44,30,1.000000082740371e-08,4
16365997546279477845=119,47.9999785,32.00000800000001,6.000021500000003
16495803715343460048=95,0,16,16
16748494286245136246=113,48,6,6
17439565486200994385=113,10,6,6
1747264852344396659=6,48,32,6
17819838868447331397=76,0,2,10
18212400397524586628=6,10,32,6
18336915761816453609=151,48,6,6
2879130494962219295=95,48,16,16
2987718916782776750=47,16,16,32
3984091184486491210=47,29,10,2
4259827553530562963=20,10,4,4
437755666902682104=0,30,4,4
4646792687496799760=113,16,6,32
5523776520701549669=47,0,16,16
5575492105236151948=20,50,4,4
5964076014076382630=0,30,9.9999999e-09,4
6706082741249561580=0,16,6,32
6722673367282085727=0,0,5,5
6765830773581246560=119,16,32,32
7408321581251877071=151,16,6,32
7740876223259625830=151,10,6,6
7745629234358207771=47,48,16,16
780028433623821695=95,16,16,32
8585798443218031132=63,0,32,16
9222460093943564617=20,10,4,1.000000082740371e-08
95059935313902385=63,48,32,16
Invalidelements=4000066403,383755019,2220367176,567009010,4010572368,2470265958,127598900,3398907392,2054185319,737168646,3162976127,1292797762,3901739647,645419417,54933702
LastModified=1784106776
NaturalSize=157,64

[/usr/share/plasma/desktoptheme/default/solid/widgets/panel-background.svgz]
10957073098890926556=6,16,32,32
11149494660648665172=0,30,4,4
11537385468791441911=40,30,4,4
12544003092226857391=0,16,6,32
15031695105001626194=20,54,4,1.000000082740371e-08
15106641609653441927=20,50,4,4
2184529570488933870=6,10,32,6
4219928828585384021=6,48,32,6
4246851519443951644=0,10,6,6
4359368982735284926=44,30,1.000000082740371e-08,4
4830411566367517683=38,48,6,6
5391697288823636163=0,0,5,5
7123153144570797580=38,10,6,6
7288396552078519377=38,16,6,32
8381442263484543638=0,30,9.9999999e-09,4
8708548904072104249=20,10,4,9.99999905104687e-09
8898454745836988972=0,48,6,6
9137425163796919923=20,10,4,4
Invalidelements=2206510619,311087971,3758211649,2360104022,3841073980
LastModified=1784106776
NaturalSize=157,64

[/usr/share/plasma/desktoptheme/default/solid/widgets/tooltip.svgz]
10441577950382673183=44,30,1.000000082740371e-08,4
10861249154823420216=47,16,16,32
110018768974992007=63,0,32,16
12818860657866099123=20,10,4,9.99999905104687e-09
12957076035904390211=80,0,2,10
13159851007477169098=0,30,4,4
13712040456007480660=0,0,5,5
13957771103782687298=76,0,2,10
14531366952982613999=101,33,10,2
14950219944874630494=101,29,10,2
15137955442012605396=80,54,2,10
1730480837705817045=0,16,6,32
17907183396745795444=76,54,2,10
18126697612285246905=20,10,4,4
18421122124760595770=63,48,32,16
2321900915576154649=40,30,4,4
2627223237632161396=38,16,6,32
273493521796172206=47,29,10,2
4481066823905934850=6,48,32,6
5651744731938751497=20,50,4,4
5820004484101962832=63,16,32,32
5826467043761013818=47,33,10,2
8300177921404782220=0,30,9.9999999e-09,4
8750293140534023892=6,10,32,6
9592637950495485706=20,54,4,1.000000082740371e-08
9954572039037959366=95,16,16,32
Invalidelements=333968104,2877547045,1864871519,2392442621,3763520300,3066390522,1969427734,3653397595
LastModified=1784106776
NaturalSize=157,64

[/usr/share/plasma/desktoptheme/default/translucent/dialogs/background.svgz]
10303359518719713302=38.000002,15.999999,6,32
10542282678015497920=113,16,6,32
10792487317422255929=0,29.999998,9.9999999e-09,4.0000000000000036
11603874551634397873=151,47.999999,6,6
11861596599203395120=119,10,31.999989999999997,6.000021
12765931766587204872=47,28.999998,10,2
14047784936842916458=47.000002,15.999999,16,32
14080700795937507607=101,33,10,2
14179839907111906270=151,9.999999,6,6
14387519608747155369=0,29.999998,4,4.0000000000000036
14893311686991834391=151,16,6,32
14920341812892586371=113,9.999999,6,6
15114899837291350802=2.0288086e-06,15.999999,6,32
15729588229879370214=20,10,4,9.99999905104687e-09
15875938371286385748=20,54,4,1.000000082740371e-08
16077780663720564574=47.000002,47.999999,16,16
16596988566823369086=40,29.999998,4,4.0000000000000036
17139759550585124866=47.000002,-9.999999992515995e-07,16,16
17331944313930260295=20,50,4,4
17389725299622363674=76,0,2,10
17669547746087150284=0,0,5,5
17897571166586564875=6.000002,9.999999,32,6
18235678081617076822=119,47.9999785,32.00000800000001,6.000021500000003
1880057598462150126=95.000002,15.999999,16,32
5108467525040577321=95.000002,47.999999,16,16
5273571354297544540=20,10,4,4
552639280984493174=63.000002,47.999999,31.999999999999993,16
6753523043781596818=6.000002,47.999999,32,6
7116980519795719618=95.000002,-9.999999992515995e-07,16,16
7372944607566048397=119,16,32,32
778033910557967343=113,47.999999,6,6
8127942592879653151=63.000002,0,31.999999999999993,16
9687214208680459812=44,29.999998,1.000000082740371e-08,4.0000000000000036
9831706046137534072=76,54,2,10
Invalidelements=2245671445,1056028231,4292810489,2643625635,3135019281,773816191,774087654,4188199562,4081695202,530118091,961001258,3558313011,3560242063,3332166295,1975385730
LastModified=1784106776
NaturalSize=157,64

[/usr/share/plasma/desktoptheme/default/translucent/widgets/background.svgz]
10426099346782725415=1.00000399999999,30.999396500000046,12.000001999999995,32.000591269239976
10622705717274287342=49,49,8,4
11171608889240870947=43,44,14,4
13247154028582992402=5,8.625,5,4.375
1345574734416105566=1,49,8,4
1396244887683605593=45.000465000000005,30.999396500000046,11.999541999999991,32.000591269239976
14645998585865529317=34,19,4,8
15129855233205440013=28,61,4,14
15528531992738604622=28,19,4,14
16064486503053639497=34,67,4,8
4241858869411709893=13.00001200692786,63.00000000000003,32.00045319307214,11.999799999999993
5822482709082826888=13.00001199313462,19,32.00045120686538,11.999400000000009
9063613726389728055=1,44.062355,14,4
Invalidelements=363730639,1504195016,4271274582,1262316932
LastModified=1784106776
NaturalSize=148,148

[/usr/share/plasma/desktoptheme/default/translucent/widgets/panel-background.svgz]
10591320820641512598=47,29,10,2
11398111864743790406=113,16,6,32
11433218751228326665=47,48,16,16
11742564607446562294=101,33,10,2
11932342371126351115=20,50,4,4
12103501956233878105=76,54,2,10
12335993527624918796=48,95,8,4
12444770304547567856=151,10,6,6
13066670749303925590=20,10,4,4
13453011372625096682=20,10,4,1.000000082740371e-08
14115566780731519195=12,95,8,4
14501314171515016620=113,10,6,6
14688736375956409551=38,48,6,6
14883034919609460895=151,48,6,6
15064697251829122220=38,69,4,8
16412416636526121715=151,16,6,32
1691160957832486999=119,16,32,32
16987982665556842219=38,16,6,32
17174271994001884805=0,10,6,6
1763044995895652944=20,54,4,1.000000082740371e-08
17642461389148292433=0,16,6,32
17816525220671637614=0,30,9.99999993923e-09,4
2735427534607618926=76,0,2,10
3138866280003984167=95,0,16,16
325561198224970401=113,48,6,6
3288443699459156657=119,47.99997854233,32.00000762939999,6.000021457670002
3962350640342288744=95,16,16,32
3970414520208540032=6,48,32,6
40295156282485909=6,10,32,6
4329390638056719862=39,105,4,8
433116223536459798=0,0,5,5
4771130126017176937=38,10,6,6
5001563717842609822=40,30,4,4
5205546121444110684=0,30,4,4
5452459339697714350=63,48,32,16
5493840966832632190=119,10,31.99999046330001,6.000020980830001
5527192228439498379=44,30,1.000000082740371e-08,4
562516601417193883=95,48,16,16
5851351450893796858=63,0,32,16
7168854968052645915=47,16,16,32
7184819368461071458=6,16,32,32
9040200221310929601=19,75,32,32
9215311401382501874=0,48,6,6
96989792167705733=47,0,16,16
Invalidelements=3024232724,3067561989,1328476824,682593961,2352467818,3869895320,3068093879,2417759576,961765034,2924498518,4254095185,1779258796,1800871872,1971407415,340329554,3242044501,3500972718,204956404,1490995631,2419384453,592267826,3003004926,2710779527,1388941675,1538652539,3205735635,1863060585,3699036377,2812660268,3224969070,2794046452,1039099246,578553774
LastModified=1784106776
NaturalSize=157,64

[/usr/share/plasma/desktoptheme/default/translucent/widgets/tooltip.svgz]
10017571445581935336=44,29.999998,1.000000082740371e-08,4.0000000000000036
10513591930118540576=95,0,16,16
11756535999343612426=76,0,2,10
12144811777392453325=0,29.999998,4,4.0000000000000036
13027352178254083714=119,47.9999785,32.00000800000001,6.000021500000003
13542840634709240293=119,16,32,32
14104529099095793760=101,33,10,2
14233977059054705736=113,16,6,32
14276082051004683065=20,54,4,1.000000082740371e-08
14673933511418915712=0,29.999998,9.9999999e-09,4.0000000000000036
14810460210528154936=0,0,5,5
15188221255863430994=151,16,6,32
15553331472446903545=151,48,6,6
15808275509819094044=6.000002,9.999999,32,6
1748952894753390474=63,48,32,16
1751865778643542265=20,10,4,9.99999905104687e-09
18311648298865198877=20,10,4,4
2196022259615488995=95,48,16,16
2346941792155298282=95,16,16,32
2739318656106797348=47,29,10,2
4201390333281062575=38.000002,15.999999,6,32
474420475546958112=76,54,2,10
4795263505369645104=119,10,31.999989999999997,6.000021
4838173402508801648=113,10,6,6
4917492276020621143=6.000002,47.999999,32,6
5012908747240259658=47,16,16,32
5350108209745867746=63,0,32,16
6001819219596608180=2e-06,15.999999,6,32
6274753573874561106=20,50,4,4
6514831127294112008=40,29.999998,4,4.0000000000000036
6863602683229800983=113,48,6,6
7782734816934327311=47,0,16,16
8069386995330669133=151,10,6,6
9717092590037965218=47,48,16,16
Invalidelements=1224317278,3363301972,3600873100,3589080425,3046275961,917797209,1955266994,718806199,694923381,1172016185,1704932426,2162308230,2943457166,3117382594,2435825668
LastModified=1784106776
NaturalSize=157,64

[/usr/share/plasma/desktoptheme/default/weather/wind-arrows.svgz]
NaturalSize=88,110

[/usr/share/plasma/desktoptheme/default/widgets/arrows.svgz]
10875769197457616627=15.000004000000002,30.000002999999992,13.999992999999998,13.999995000000013
LastModified=1784106776
NaturalSize=44,44

[/usr/share/plasma/desktoptheme/default/widgets/background.svgz]
10009455674774101958=13.00001199313462,19,32.00045120686538,11.999400000000009
11431586562644362660=49,49,8,4
12657441807974960355=1.00000399999999,30.999396500000046,12.000001999999995,32.000591269239976
14532824227120899730=28,61,4,14
16070045698650729518=34,67,4,8
17745546246787278920=1,44.062355,14,4
18439803825738333602=28,19,4,14
2252580785940562501=13.00001200692786,63.00000000000003,32.00045319307214,11.999799999999993
4160209222345248946=43,44,14,4
5113073563961901638=45.000465000000005,30.999396500000046,11.999541999999991,32.000591269239976
5538456878309034963=34,19,4,8
8392604195204120256=1,49,8,4
9282416929824966518=5,8.625,5,4.375
Invalidelements=2959677503,2621744514,3157347187,3663733532
LastModified=1784106776
NaturalSize=148,148

[/usr/share/plasma/desktoptheme/default/widgets/bar_meter_horizontal.svgz]
13950665122348813575=0,10,3,3
14115479528577032815=6,0,6,6
14305700680649518240=0,2,4,4
15742513202139737879=4,10,3,3
16115315500876575043=8,10,3,3
16669196606149007072=15,10,3,3
1731022262698342186=4,6,3,3
3275588189230552174=15,14,3,3
343702930846815610=15,6,3,3
5042895746565777236=19,10,3,3
5433361521360702884=4,14,3,3
7469931866798362976=11,10,3,3
Invalidelements=21457138,3856844667,884303888,1120114474,2647322091,1847725328,851686522,1139857496,2225656161,2298255700,1345129853,845863256,1582455105,2167215472,1277350823,3948204005,946272610,3621222534,14058006,3228777507,1786146334,1714449188,335964010,1061700051,1884812249,3176870480,3621084825,3869214929,1643071132,779039548,3847949216,161754873,2312911332,1341022006,2758744507,2244478964,2929568189,524198504,991432306
LastModified=1784106776
NaturalSize=22,17

[/usr/share/plasma/desktoptheme/default/widgets/busywidget.svgz]
10135677385511485151=51.329166,279.53748,5.820833700000001,5.82083369999998
10947103531270828277=-3.600000010317572e-07,0,35.983334,35.98333400000001
899001729921439494=58.472801,281.12497,4.233333600000002,4.23333359999998
LastModified=1784106776
NaturalSize=136,136
busywidget=4x4,6x6,4x4,6x6,4x4,6x6,

[/usr/share/plasma/desktoptheme/default/widgets/button.svgz]
10017877167259664578=244,108,18,18
10037403590098411379=244,165,18,7
1007396337482800194=182,167,18,7
10130463216402778344=190,62,2,6
1021091327238247402=202,78,6,2
10258562590333106736=238,203,5,5
10429354265699606886=244,178,18,5
10588471977661757922=236,165,7,7
10808309210625739664=182,205,18,5
10809204240861348344=203,108,5,18
11014245332807307524=182,136,18,7
11165580537287071856=236,146,7,18
11351090685742664087=182,91,18,5
11387586111423037594=203,21,8,8
11520236114807301140=182,184,18,18
11677495312078601525=263,138,7,7
11763287388200691189=172,154,2,2
12081771133771041362=174,70,5,18
12872619422255981239=203,31.999998912499997,8,18.000001718478302
12934998913243203975=252,178,2,4
13169417075088894835=182,32,18,18
13201681734367485461=244,146,18,18
13228720797890116943=236,138,7,7
13287742367605817202=171,40,3,2
13520280702489817355=238,102,5,5
13681887764751206473=171,32,8,18
13842252658207142526=182,129,18,5
13889177850030715279=182,146,18,18
14775533006639405950=252,170,2,2
14944773394460204444=238,108,5,18
15010733928802874385=203,70,5,18
15135524871053951058=-12,76,3.9999999000000006,4
1515293893195807001=203,184,5,18
15237401617199444039=182,108,18,18
15268826499072488283=252,128,2,4
15388880934267907849=190,100,2,0.0010000000000047748
16121452068519526145=208,40,3,2
16123155320452626066=236,154,2,2
16189235618274492040=190,176,2,6
16210904398605547719=252,204,2,4
16306725360906318056=190,21,2,3
16430438573269013546=268,154,2,2
16479668752280427304=174,192,6,2
16604179541064270384=252,138,2,2
16636743261315955093=203,53,8,8
16784729056393010777=174,116,0.0010000000000047748,2
1704300591651518610=182,176,18,5
17247337690056685480=238,178,5,5
17375792337830386822=244,184,18,18
17831685570402895267=182,53,18,7.999999999999993
17886110165346529555=208,116,0.0010000000000047748,2
18085875665116858902=263,145.99999618000004,7,18.00000001800001
2421813394825802161=174,108,5,18
2723534902067229946=263,102,5,5
3142000947781032223=190,90,2,6
3268992655244307473=263,165,7,7
3544572920130660703=264,116,4,2
3550131673266581942=263,108,5,18
3696627887148117269=252,102,2,4
3977010539831829476=171,21,8,8
4088184354671031138=58,70,18,18
4391492898504831273=182,21,18,8
4713974180855719623=174,78,6,2
5035922545922571082=238,192,4,2
5226648553406450514=174,184,5,18
5450627988880102517=190,204,2,6
5726819893362029216=238,116,4,2
5889077006550081786=244,138,18,7
5966797046753513098=263,203,5,5
6062287411170104598=203,146,7,18
6241613969883605727=190,136,2,2
6288073237325920487=263,184,5,18
6632210879293920708=244,127,18,5
6640968265155521430=244,203,18,5
7094520313224075874=202,192,6,2
7331313170165585499=238,184,5,18
7370784172170820948=264,192,4,2
7568169774648830948=172,146,7,18
759797622931759980=190,58,2,3
789818994355873074=182,70,18,18
7949082022891017974=190,134,2,0.0010000000000047748
8282719505111126039=182,100,18,5
8301848209889345167=244,102,18,5
8553981797775206054=190,172,2,2
8702915190689870965=171,53,8,8
8775421562395304060=182,62,18,5
8797102604633567489=-12,192,3.9999999000000006,4
8817923987784690312=263,178,5,5
9460678314877320672=238,127,5.000000000000028,5
9847518675396283378=208,154,2,2
9880138794176040225=262.99999999999994,127,5.000000000000057,5
Invalidelements=368196869,1699649127,3368103534,1295060525,2225258552,2256279058,2635743777,3078590283,757572157,1786592032,96370192,3559911712,1948384311,2907894366,147276326,2207899266,1886644992,2565918645,242129299,1920134289,2912600569,443177222,641842086,328417332,1059850208,623030177,3668775394,4195720541,2175839135,2528031902,2000280590,4074439808,3595115731,1598410352,789173701,675213609,1497583876,2116803975,2971662211,4052547193,3317177172,511614674,3703903909,1473762579,2609805733,2645729904,3063040086,3736124940,3466738328,3566346586,945306609,785259635,945131293,2058189405,2895420058,3845287330,3496742796,2606000103,2275154751,855277328,978523904,1797534445,2887395062,4023281924,1411490935,2097387989,3781993324,1598555036,1103247697,1479758457,2773448873,1441212155,2019060055,4280824214,3181893499,3230651574,3772642170,2049904671,4155907171,1072472433,1442555322,2172131955,4167847836,3994865638,3122659370,3713733058,818254836,210667595,3268754246
LastModified=1784106776
NaturalSize=288,224

[/usr/share/plasma/desktoptheme/default/widgets/line.svgz]
8744547575390306845=0,0,1,1
9377847642488618231=2,0,1,1
LastModified=1784106776
NaturalSize=3,1

[/usr/share/plasma/desktoptheme/default/widgets/lineedit.svgz]
12746940830954209977=4.999994477540739,0,69.9999969523904,5
12890588605965767911=4.999994476540735,65.0000000001,69.9999969523904,5
13475151902409252929=4.999994476540735,25.000000000100002,70.00000400000945,5
14233243355758225907=80,54,0.0010000000474974513,2
14349762165632172411=74,14,6,2
145522638305754712=40,70,2,0.0010000000474974513
1487563609253312458=8,88,64,14
15147414736111293030=-0.0010000000475,94,0.0010000000475,2
16277124518678964905=75.0000000011,5.000000000044999,5,20.00000000005
17246877971622104407=4.999994476540735,105.0000000001,70.00000400000947,5
17354199994143766435=-5.000018177270249e-10,84.99999999984499,5,20.000000000050008
17503608365360250204=8,48,64,14
1873460496208792827=40,24,2,6
3346112627802940519=8,8,64,14
3509414509472831554=-0.0010000000475,54,0.0010000000475,2
3673037176368460807=4.999994476540735,80,70.00000400000945,5
3785173823748229648=75.0000000011,44.999999999844995,5,20.00000000005
4256237764828743793=40,0,2,6
554901894961375417=75.00000000040001,84.99999999984499,5,20.000000000050008
5655028028167978247=0,44.999999999844995,5,20.00000000005
6068423715360127157=0,5.000000000044999,5,20.00000000005
6114760607118131911=4.999994477540739,40,69.9999969523904,5
6348336064765395633=40,110,2,0.0010000000474974513
7356881889834993886=80,94,0.0010000000474974513,2
8346508092875149398=40,39.9990005493,2,0.0010000000474974513
8551499850557150440=0,-4,2.03293180466,2.07712602615
9556319559581449154=40,79.9990005493,2,0.0010000000474974513
9649103927231090851=4,-4,2.0329318046600005,2.07712602615
9905500533227740518=0,14,6,1.9999999000000006
Invalidelements=2816671517,2021812664,3958150051,53848597,2281836028,3780687430,50153246,951302986,4227281639,2750271684,3781657200,1980573124,60756136,1725571386,3264563941,3616639445,1410452754,2546403630,322995512,2773627744,2951740200,1595301511,3606717436,2643737376,2895288882,3334818461,3355842756,643950758,2484642139,1058631339,3240141629,1714197599,525972567,1832667374,3535908235,1240543588,1447470525,2507643232,550082259
LastModified=1784106776
NaturalSize=80,30

[/usr/share/plasma/desktoptheme/default/widgets/listitem.svgz]
12255727135700075316=17,58,6,2
14430826992296110279=38,58,6,2
14548240841252473696=24,53.000345,10.999999000000003,11.000000000000007
2818826971881511331=23.999959999999998,51.00000022222222,11.00126257523478,2.0003447777777836
2946927636307114918=24,64,11,2
3607717949435519028=29,67,2,6
3730747989197524581=22.000002222222214,53.00033500000001,2.000297777777785,11
4930592378622091885=-10,-10,2.0329318,2.077126
700269719633127603=28,44,2,6
9387795407281945490=35,53.000345,2.000296888888883,11.000000000000007
Invalidelements=1612896769,1700831255,1525161169,3927938274,1227105447,2800817364,2283176735,2381479720,3755514527,2695811183,1469245446,3738055097,1857781936,1412312277,1311522642,1343444558,4193275286,2007091665,3302877335,3827595503,2322587005,1771835890,1070061274
LastModified=1784106776
NaturalSize=128,300

[/usr/share/plasma/desktoptheme/default/widgets/margins-highlight.svgz]
14757574624992324298=10.029290000000003,1,4,4
5489300186679397607=1,5.012520000000109,4,4
6606818175770033153=1,1.0125199999999381,4,4
Invalidelements=1000422825,78078682
LastModified=1784106776
NaturalSize=15,10

[/usr/share/plasma/desktoptheme/default/widgets/panel-background.svgz]
10422211917397140347=20,10,4,4
11014840909293395835=40,30,4,4
12336688807061335883=47,29,10,2
12436319509910601179=119,47.9999785,32.00000800000001,6.000021500000003
12573113300027899807=113,48,6,6
12656937759965683323=76,54,2,10
13734908934333684930=151,48,6,6
13927818492730906637=0,30,9.9999999e-09,4
13939344725526548635=6,10,32,6
14232846328140506914=119,10,31.999989999999997,6.000021
14476497252681346978=95,0,16,16
15308875556621110893=47,16,16,32
15675168462575791630=6,16,32,32
17025041218999464406=76,0,2,10
17365560585301533528=63,0,32,16
17669585074769412=151,16,6,32
176762492095819242=95,16,16,32
17756554290344455653=0,16,6,32
17996788855256576078=6,48,32,6
18142451307210194858=0,30,4,4
196298811728555381=48,95,8,4
2141863144073647304=12,95,8,4
2432021201410267764=113,10,6,6
3027629488047256660=44,30,1.000000082740371e-08,4
3089052469969521708=19,75,32,32
3106635861414559641=63,48,32,16
3407727988498797393=38,16,6,32
4147518136176989869=38,69,4,8
4596068325583853367=39,105,4,8
4692048433782725227=113,16,6,32
4821424738589273671=20,54,4,1.000000082740371e-08
5516521374736645229=95,48,16,16
5932910903606521912=101,33,10,2
6096248636441791746=47,48,16,16
7233926280718282812=20,10,4,9.99999905104687e-09
7284242082475036296=20,50,4,4
7355538215154738220=151,10,6,6
8067934668216263216=119,16,32,32
8083675320457535711=47,0,16,16
9125279977193183172=0,0,5,5
Invalidelements=3342674152,3500491668,21371958,224595400,110906910,3222834025,4151535353,584579488,3718027368,3560267500,3279108290,3335523097,1584392215,1729610877,1788690131,1496966956,3704464200,1284401505,1267191927,3307770087,213668034,2455780846,3699776904,370658415,1159724738,3322654162,2082515983,1285617462,459495734
LastModified=1784106776
NaturalSize=157,64

[/usr/share/plasma/desktoptheme/default/widgets/plasmoidheading.svgz]
10553297227328016067=19,12,32,32
11112043258407587713=61,12,6,32
11451933177774271294=-7,-7,5,5
11890232282518707097=19,44,32,6
16960730921598240271=67,6,32,6
17926139736427979908=67,12,32,32
3405512134689719745=13,12,6,32
3487388369399621900=19,6,32,6
6359564948583068114=67,44,32,6
6457668168656761583=51,12,6,32
6916146050485891852=99,12,6,32
Invalidelements=277091046,3316644656,2484765932,831926048,1093488849,3363352341,51743201,3879544698,2110495783,4093407037,2558304174,103831519,1306852551,700028037,599864941,3425565351,3254371372,864505184,4122861910,113715629,3097511354,2854484209,2688965853,2855412630,876585171,3146843681
LastModified=1784106776
NaturalSize=173,56

[/usr/share/plasma/desktoptheme/default/widgets/scrollbar.svgz]
1035634782915736044=35,0,3,6
10565567862423104278=35,35,3,3
1058512472888498644=42,35,6,3
10618916214394956779=35,10,3,3
12466607195351234082=39,35,3,3
12676159635798363613=14,6,3,3
12735238427036295791=39,6,3,3
13308826963169311587=10,0,3,6
13499670840308683232=42,10,6,3
13576769094991199162=31,10,3,3
13642777622749064874=31,35,3,3
13836907999159687215=31,39,3,3
14352277677471354461=35,25,3,6
14367052957389848987=35,6,3,3
1461858357191997018=25,35,6,3
1483507804117859023=14,14,3,3
14994348039832442499=39,14,3,3
15073306471725258769=52,4,6,6
1512484823020645108=10,14,3,3
1522764216882651472=10,6,3,3
1666708636466754611=35,17,3,6
17096559321610126609=17,10,6,3
18029901145215480009=25,10,6,3
18350847894193076318=-32.8756103516,46.7764358521,2,2
3566221016718730570=35,39,3,3
3757847718484311157=35,14,3,3
3869743863623515413=6,10,3,3
4468434664024422490=0,10,6,3
4473527502718999305=6,6,3,3
4553209345678589627=39,10,3,3
4718073610477166472=35,31,3,3
4817787202997371710=10,17,3,6
4922010147305028643=31,14,3,3
5053033315767926325=39,39,3,3
549901701139126766=31,6,3,3
6270419219259796580=35,42,3,6
6332522919584251416=14,10,3,3
6627425469673156957=10,10,3,3
7256588171897467033=6,14,3,3
863006409473274695=46,-2,2,2
9559561140248484644=31,31,3,3
9813314560377087838=39,31,3,3
Invalidelements=3568963502,4286711345,1629203078,2859073804,2292659845,4211463529,606162660,2951611546,2699976505,136794435,2320656765,2417240666,368667316,3660507977,855391125,1628462977,1700922093,1995430686,2329768960,4249253495,2915981538,1549008108,2913899420,3618443576,4074429101,2798199376,1813983474,4242338684,3397048699,3729505930,2341937865
LastModified=1784106776
NaturalSize=48,48

[/usr/share/plasma/desktoptheme/default/widgets/slider.svgz]
10213968163037641986=15,36,3,3
102397396955218396=2.2599621,4.6594176,2.0329318,2.077126
10306716121669177732=2.2599621,4.6594176,2.0329318,2.077126
11302845068139100786=15,11,3,3
12201836249641050384=6.999999999967999,99.99999999956,19.999999999920007,19.999999999919993
14949874411524308326=11,40,3,3
15103398872546911918=11,15,3,3
16267150855078275608=40,100.000001,20,19.999999000000003
17684523269009016333=11,36,3,3
17968121176472309351=11,11,3,3
2029279651756580678=66,98,24,24
2235003274432356248=11,40,3,3
5170665474203813958=11,32,3,3
6200444982653410505=11,32,3,3
6641538812810221033=11,7,3,3
7187314512598995160=7,11,3,3
8409920096800954444=42,6,20,20
8686052534233846224=11,36,3,3
8749520834440262862=15,36,3,3
9297492204059874904=7,36,3,3
9526126782823197381=7,36,3,3
9835370488535038987=95,97,26,26
Invalidelements=64497050,2106709729,3654392541,1284606661,428444275,4037152026,4223779029,1083645269,732936206,3930688432,525993034,2646565083,3265496436,2649845434,241352059,3379023958,2687139036,1862391687,4104940973,2040472163,458319698,3360619450,3873800695,1723666900,2128723556,2665463664,872816309,4176460896,4084999792,1022721930,1355745543,3817599519,3034253810,1733289382,3172458785,3525521822,3953154835,4118901184,2808196922,3746449615,1809757046,2529367630,1016211316,2326954946,3758553456,237085811,792984476,2476248186,759960411,3819372650,3190484191,632837393,1816525981,2349974853,3761571651,1402409586,782778231,1311085843,3047445676,3882542513,2125063919,3107662707,3843966946,553719072,2947540659,2315952651
LastModified=1784106776
NaturalSize=128,128

[/usr/share/plasma/desktoptheme/default/widgets/switch.svgz]
11083941498954172582=29.999999900000002,0.009999900000002171,7.999999949999999,15.990000199999995
14753639216573229834=1,36,22,22
15056913565291161218=14,-9.999999761589606e-08,5,16.000000199999995
16344822132209666415=38,0.009999900000002171,5,15.990000199999995
18369249445457287081=52,8,26,26
1862728980678978007=5.999999900000002,-9.999999761589606e-08,8.000000049999999,16.000000199999995
236509372573947317=70.3846155,33.384614699999986,28.000000599999993,28.000000600000007
5630035626239307107=19.000000149999998,-9.999999761589606e-08,7.999999949999999,16.000000199999995
5885442809796602187=0,7.0100002,4,4
5885693129585225078=7,18,38,16
9142276851918614499=43.00000015,0.009999900000002171,7.999999949999996,15.990000199999995
Invalidelements=3916541100,3182881052,35543813,2262834507,1605891904,753836922,2746229170,1998440369,1222203438,2566552098,1843585578,332728274,187903455,2939490818,2512115852,1514370110,3619335572,3364690004,1040983625,1733558183,3346418395,2041461036,510820669,3933832243,1816406111,2548769010,3722698795,2816913255,793758513,1645715188,3374633044,1209868870,4133672771,2272316978,3866946703,3995753883,1578716654,2456625729,460641839,2131597812,1870380722,1170435689,279308883
LastModified=1784106776
NaturalSize=51,59

[/usr/share/plasma/desktoptheme/default/widgets/tabbar.svgz]
10056005598218491210=276,434.36215,80,12
10082517477296899655=276,446.36215,80,4
10508175892495995921=273,218.36218,6,5
11033154479359897069=313.758758545,210.362182617,5,10
12141472014301078672=276.00001,431.36216,80,3
12598201916342236073=266,437.36215,6,5
1353421434657710781=266,446.36215,10,4
13576989494905978918=356,434.36215,10,12
18353690055584462019=283,227.36217000000002,80,3
284076937795201689=367,218.36218,6,5
3006503518806690819=363,214.36218,10,12
4155219238460755956=266.00001,431.36216,10,3.0000051999999755
4932398865229537627=360,437.36215,6,5
5091184398553896860=266,434.36215,10,12
6872593948631451547=283,210.36218,80,4
7113593539352143328=313.758758545,220.362182617,5,10
7826151009562889016=320.241241455,431.3621521,5,10
7895048400022603475=-233.82362,467.12659,41.362885000000006,41.12067000000002
7972929629549097854=356,431.36216,10.000009999999975,3.0000051999999755
9213401148845731510=356,446.36215,10,4
921993035450385753=283,214.362182617,80,20
9584435455519169711=320.241241455,446.3621521,5,10
9607593380659796057=273,214.36218,10,12
Invalidelements=1272915053,4049045860,2804775072,4221691431,2188100263,47533685,4046358604,3702002942,3815888577,1277515845,1878065554,2114052548,424887459,2533096037,330280344,424252499,2052287302,1523944051,467728766,41003163,3532288559,758758243,1118090474,3317536890,3839398791,350961663,3505584358,2787475978,1915850477,75227942,1866578569,3396850463,245076331
LastModified=1784106776
NaturalSize=744,1052

[/usr/share/plasma/desktoptheme/default/widgets/tasks.svgz]
10098133809254616105=31,45.999997,4,13
10248955076778493188=1,45.999998000000005,4,13
11594408779294520810=5,42.999998000000005,26,3
12197112480075024243=30,51,4,4
12874519227570631363=16,43,4,4
13574385075260872394=1,43.0000012,4,3.0000003999999976
17230349050705178384=5,58.999997,26,3
18129222364847413545=16,58,4,4
5001819426202580562=1,58.999998,4,3
5058208136834149899=31,58.999999,4,3
6176245592263563124=4.9999998,45.999998,25.99999992,13
632477147375102776=31,42.99999880000001,4,3.0000003999999976
6723912474068748446=2,51,4,4
Invalidelements=2398497609,4006777054,4276900232,1520009516,1601470611,2436581921,535436113,3968878056,2795462527,291806279,3489496421,3148102656,2316603816,842090444,1173443951,1648183467,3401171181,2506042798,963416991,4059250374,1226226555,2261509369,2155917970,2246653235,4294429854,1891511326,3975712852,1850021992,1376250418
LastModified=1784106776
NaturalSize=144,126

[/usr/share/plasma/desktoptheme/default/widgets/tooltip.svgz]
10402204601000798090=47,48,16,16
11421340251964366407=20,10,4,9.99999905104687e-09
11797531048179724246=95,48,16,16
12076011697340338205=20,50,4,4
12298631826912627073=47,29,10,2
12542409127800201688=6,48,32,6
12651384850626077779=63,48,32,16
13106387790655758100=95,16,16,32
14017475496179803377=47,16,16,32
14178281043392358135=76,54,2,10
17409208968742965000=0,30,9.9999999e-09,4
18377243953936541015=101,33,10,2
18436531598814821527=95,0,16,16
2181545537991943724=63,0,32,16
2544789557348423445=76,0,2,10
282614765933882134=20,54,4,1.000000082740371e-08
292072069873736787=47,0,16,16
3838101370900172821=20,10,4,4
4789488548651934662=40,30,4,4
5843998418497528454=6,10,32,6
7541812764275330523=0,30,4,4
7805824350631460674=38,16,6,32
8689771446182664505=0,16,6,32
9515838415559235177=0,0,5,5
9836293732530502727=44,30,1.000000082740371e-08,4
Invalidelements=3925348508,3122092700,2685131751,2532652988
LastModified=1784106776
NaturalSize=157,64

[/usr/share/plasma/desktoptheme/default/widgets/viewitem.svgz]
11304805535870547569=41,140,5,5
12307617383256989327=46.00000085385358,89,46.021998799519196,5
1515628942492261487=92,140,5,5
15161622155240080772=49.928560000000004,-90.32326999999998,40,40
18253831255339113949=127.999999970142,11.000028081746905,45.99999843089921,5.00000025164195
3291591308362579461=128,16,46,46
3492846893576087588=41,93.99999217607524,5,46.0000200743998
4857674632072726659=92.00000000000006,89,5,5
5198584772277979450=41,89,5,5
7678307830382039779=173.9999809521609,16.00006545878432,4.999999917600576,45.99999666264239
7684631522277702905=122.99998900407996,16.00000712040037,4.999999828570566,45.99999906752248
8197540302817307189=46,94,46,46
8955557536008450000=92.00000000000006,94.0000013150609,5,46.000016066661374
9096664342510950419=46.000001134563206,139.9999999999999,46.00000051134879,5
941951899444413932=127.99999835589199,62.000001838628805,46.00000051134879,5.000000399871965
Invalidelements=4237898533,1486889646,3029783611,2833339318,1077155177,2292387693,367412405,1734110117,559223159,2260778561,3458100931,405527176,1682070220,3965196209,1407959224,255862572,692677668,3533459380,2728675074,1976568783,460314898,1861898113,990290054,134893068,4144924694,3994009757,479112973,2812035734,3565963909,3112796939,2584643470,2535930315,4278345404,4275297511,2719453458,4198179216,103126112,2705454778,3700905786
LastModified=1784106776
NaturalSize=257,161
